rt_source,rt_target,compound_id
3.538,3.254,"InChI=1S/C10H10N4O/c1-7-12-13-9(10(15)14(7)11)8-5-3-2-4-6-8/h2-6H,11H2,1H3"
3.804,3.526,"InChI=1S/C10H11ClN4/c1-8(14-7-12)15(2)6-9-3-4-10(11)13-5-9/h3-5H,6H2,1-2H3"
4.727,4.428,"InChI=1S/C10H11F3N2O/c1-15(2)9(16)14-8-5-3-4-7(6-8)10(11,12)13/h3-6H,1-2H3,(H,14,16)"
3.471,3.651,"InChI=1S/C10H11NO/c12-6-5-8-7-11-10-4-2-1-3-9(8)10/h1-4,7,11-12H,5-6H2"
1.436,0.852,"InChI=1S/C10H12N4O6/c15-1-3-5(16)6(17)9(20-3)14-2-11-4-7(14)12-10(19)13-8(4)18/h2-3,5-6,9,15-17H,1H2,(H2,12,13,18,19)"
2.894,2.642,"InChI=1S/C10H12O5/c1-15-9-5-6(2-3-7(9)11)4-8(12)10(13)14/h2-3,5,8,11-12H,4H2,1H3,(H,13,14)"
4.709,4.388,"InChI=1S/C10H13ClN2O/c1-7-4-5-8(6-9(7)11)12-10(14)13(2)3/h4-6H,1-3H3,(H,12,14)"
1.023,0.862,"InChI=1S/C10H13N5O4/c11-10-13-8-7(9(18)14-10)12-3-15(8)6-1-4(17)5(2-16)19-6/h3-6,16-17H,1-2H2,(H3,11,13,14,18)"
5.528,4.768,"InChI=1S/C10H13NO2/c1-8(2)13-10(12)11-9-6-4-3-5-7-9/h3-8H,1-2H3,(H,11,12)"
1.977,1.327,"InChI=1S/C10H14N2O5/c1-5-3-12(10(16)11-9(5)15)8-2-6(14)7(4-13)17-8/h3,6-8,13-14H,2,4H2,1H3,(H,11,15,16)"
0.698,0.644,"InChI=1S/C10H14N5O7P/c11-10-13-8-7(9(17)14-10)12-3-15(8)6-1-4(16)5(22-6)2-21-23(18,19)20/h3-6,16H,1-2H2,(H2,18,19,20)(H3,11,13,14,17)"
0.698,0.644,"InChI=1S/C10H14N5O7P/c11-8-5-9(13-2-12-8)15(3-14-5)10-7(17)6(16)4(22-10)1-21-23(18,19)20/h2-4,6-7,10,16-17H,1H2,(H2,11,12,13)(H2,18,19,20)"
2.808,2.549,"InChI=1S/C10H15NO3S/c1-2-3-4-7-11-8-5-6-10(9-11)15(12,13)14/h5-6,8-9H,2-4,7H2,1H3"
3.082,2.873,"InChI=1S/C10H16N2O3S/c13-8(14)4-2-1-3-7-9-6(5-16-7)11-10(15)12-9/h6-7,9H,1-5H2,(H,13,14)(H2,11,12,15)"
3.278,3.076,"InChI=1S/C10H18N2O3/c1-7-8(12-10(15)11-7)5-3-2-4-6-9(13)14/h7-8H,2-6H2,1H3,(H,13,14)(H2,11,12,15)"
3.994,3.754,"InChI=1S/C10H18O3/c11-9-7-5-3-1-2-4-6-8-10(12)13/h6,8,11H,1-5,7,9H2,(H,12,13)"
4.033,3.817,"InChI=1S/C10H18O4/c11-9(12)7-5-3-1-2-4-6-8-10(13)14/h1-8H2,(H,11,12)(H,13,14)"
3.284,3.091,"InChI=1S/C10H18O5/c11-8(7-10(14)15)5-3-1-2-4-6-9(12)13/h8,11H,1-7H2,(H,12,13)(H,14,15)"
4.109,3.878,"InChI=1S/C10H20O3/c11-9-7-5-3-1-2-4-6-8-10(12)13/h11H,1-9H2,(H,12,13)"
2.886,2.647,"InChI=1S/C10H7N3S/c1-2-4-8-7(3-1)12-10(13-8)9-5-14-6-11-9/h1-6H,(H,12,13)"
1.179,0.898,"InChI=1S/C10H7NO2/c12-10(13)8-5-6-11-9-4-2-1-3-7(8)9/h1-6H,(H,12,13)"
2.792,2.555,"InChI=1S/C10H7NO3/c12-9-5-8(10(13)14)11-7-4-2-1-3-6(7)9/h1-5H,(H,11,12)(H,13,14)"
2.648,2.367,"InChI=1S/C10H7NO4/c12-7-3-1-2-5-8(13)4-6(10(14)15)11-9(5)7/h1-4,12H,(H,11,13)(H,14,15)"
4.084,3.793,"InChI=1S/C10H9ClN4S/c11-9-2-1-8(5-13-9)6-15-3-4-16-10(15)14-7-12/h1-2,5H,3-4,6H2"
3.016,2.727,"InChI=1S/C10H9NO/c12-6-5-8-7-11-10-4-2-1-3-9(8)10/h1-4,6-7,11H,5H2"
2.901,2.662,"InChI=1S/C10H9NO3/c12-7-1-2-9-8(4-7)6(5-11-9)3-10(13)14/h1-2,4-5,11-12H,3H2,(H,13,14)"
4.208,3.955,"InChI=1S/C11H11NO2/c13-11(14)6-5-8-7-12-10-4-2-1-3-9(8)10/h1-4,7,12H,5-6H2,(H,13,14)"
3.596,3.352,"InChI=1S/C11H11NO3/c13-10(11(14)15)5-7-6-12-9-4-2-1-3-8(7)9/h1-4,6,10,12-13H,5H2,(H,14,15)"
3.707,3.491,"InChI=1S/C11H11NO3/c13-10(12-8-11(14)15)7-6-9-4-2-1-3-5-9/h1-7H,8H2,(H,12,13)(H,14,15)"
2.667,2.4295,"InChI=1S/C11H12N2O2/c12-9(11(14)15)5-7-6-13-10-4-2-1-3-8(7)10/h1-4,6,9,13H,5,12H2,(H,14,15)"
3.471,3.264,"InChI=1S/C11H13NO3/c1-8(13)12-10(11(14)15)7-9-5-3-2-4-6-9/h2-6,10H,7H2,1H3,(H,12,13)(H,14,15)"
2.773,2.5,"InChI=1S/C11H13NO4/c1-7(13)12-10(11(15)16)6-8-2-4-9(14)5-3-8/h2-5,10,14H,6H2,1H3,(H,12,13)(H,15,16)"
3.019,2.832,"InChI=1S/C11H15ClN4O2/c1-3-15(11(13-2)8-16(17)18)7-9-4-5-10(12)14-6-9/h4-6,8,13H,3,7H2,1-2H3"
2.601,2.375,"InChI=1S/C11H15N5O3S/c1-20-2-5-7(17)8(18)11(19-5)16-4-15-6-9(12)13-3-14-10(6)16/h3-5,7-8,11,17-18H,2H2,1H3,(H2,12,13,14)"
2.8,2.527,"InChI=1S/C11H16NO4PS/c1-8(2)15-11(13)9-6-4-5-7-10(9)16-17(12,18)14-3/h4-8H,1-3H3,(H2,12,18)"
3.319,3.114,"InChI=1S/C11H17NO3S/c1-2-3-4-5-8-12-9-6-7-11(10-12)16(13,14)15/h6-7,9-10H,2-5,8H2,1H3"
3.308,3.192,"InChI=1S/C11H19N3O/c1-4-6-7-9-8(3)13-11(12-5-2)14-10(9)15/h4-7H2,1-3H3,(H2,12,13,14,15)"
0.665,0.64,"InChI=1S/C11H19NO9/c1-4(14)12-7-5(15)2-11(20,10(18)19)21-9(7)8(17)6(16)3-13/h5-9,13,15-17,20H,2-3H2,1H3,(H,12,14)(H,18,19)"
2.98,2.747,"InChI=1S/C11H8N2O/c1-2-5-9-8(4-1)12-11(13-9)10-6-3-7-14-10/h1-7H,(H,12,13)"
4.055,3.798,"InChI=1S/C11H9NO2/c13-11(14)6-5-8-7-12-10-4-2-1-3-9(8)10/h1-7,12H,(H,13,14)"
4.709,4.405,"InChI=1S/C12H10ClN3O/c13-11-8-10(6-7-14-11)16-12(17)15-9-4-2-1-3-5-9/h1-8H,(H2,14,15,16,17)"
5.561,5.221,"InChI=1S/C12H11Cl2NO/c1-4-12(2,3)15-11(16)8-5-9(13)7-10(14)6-8/h1,5-7H,2-3H3,(H,15,16)"
3.601,3.338,"InChI=1S/C12H11NO2/c1-13-12(14)15-11-8-4-6-9-5-2-3-7-10(9)11/h2-8H,1H3,(H,13,14)"
4.637,4.338,"InChI=1S/C12H12ClN5O4S/c1-7-14-10(17-12(15-7)22-2)16-11(19)18-23(20,21)9-6-4-3-5-8(9)13/h3-6H,1-2H3,(H2,14,15,16,17,18,19)"
4.407,4.105,"InChI=1S/C12H13N5O6S2/c1-6-13-10(16-12(14-6)23-3)15-11(19)17-25(20,21)7-4-5-24-8(7)9(18)22-2/h4-5H,1-3H3,(H2,13,14,15,16,17,19)"
4.438,4.188,"InChI=1S/C12H13NO2/c14-12(15)7-3-4-9-8-13-11-6-2-1-5-10(9)11/h1-2,5-6,8,13H,3-4,7H2,(H,14,15)"
3.016,2.727,"InChI=1S/C12H14N2O2/c1-8(15)13-5-4-9-7-14-12-3-2-10(16)6-11(9)12/h2-3,6-7,14,16H,4-5H2,1H3,(H,13,15)"
3.723,3.554,"InChI=1S/C12H19NO3S/c1-2-3-4-5-6-9-13-10-7-8-12(11-13)17(14,15)16/h7-8,10-11H,2-6,9H2,1H3"
4.497,4.262,"InChI=1S/C12H20O4/c13-11(14)9-7-5-3-1-2-4-6-8-10-12(15)16/h7,9H,1-6,8,10H2,(H,13,14)(H,15,16)"
0.632,6.212,"InChI=1S/C12H22O11/c13-1-3-5(15)7(17)9(19)11(21-3)23-12-10(20)8(18)6(16)4(2-14)22-12/h3-20H,1-2H2"
0.67,0.637,"InChI=1S/C12H22O11/c13-1-4-6(16)8(18)9(19)11(21-4)23-12(3-15)10(20)7(17)5(2-14)22-12/h4-11,13-20H,1-3H2"
5.867,5.587,"InChI=1S/C12H4Cl2F6N4OS/c13-5-1-4(11(15,16)17)2-6(14)8(5)24-10(22)9(7(3-21)23-24)26(25)12(18,19)20/h1-2H,22H2"
5.262,5.002,"InChI=1S/C12H6F2N2O2/c13-12(14)17-10-3-1-2-8(11(10)18-12)9-6-16-5-7(9)4-15/h1-3,5-6,16H"
3.939,3.632,"InChI=1S/C12H9F2N5O2S/c1-7-5-6-19-11(15-7)16-12(17-19)22(20,21)18-10-8(13)3-2-4-9(10)14/h2-6,18H,1H3"
5.593,5.427,"InChI=1S/C13H11Cl2NO2/c1-12-6-13(12,2)11(18)16(10(12)17)9-4-7(14)3-8(15)5-9/h3-5H,6H2,1-2H3"
5.03,4.726,"InChI=1S/C13H12F3N5O5S/c1-25-8-6-9(26-2)19-11(18-8)20-12(22)21-27(23,24)10-7(13(14,15)16)4-3-5-17-10/h3-6H,1-2H3,(H2,18,19,20,21,22)"
3.552,3.335,"InChI=1S/C13H14N2O3/c1-8(16)15-12(13(17)18)6-9-7-14-11-5-3-2-4-10(9)11/h2-5,7,12,14H,6H2,1H3,(H,15,16)(H,17,18)"
5.432,5.087,"InChI=1S/C13H15ClN6O7S/c1-20-10(8(9(14)18-20)11(21)27-4)28(23,24)19-13(22)17-12-15-6(25-2)5-7(16-12)26-3/h5H,1-4H3,(H2,15,16,17,19,22)"
3.767,3.51,"InChI=1S/C13H16N2O2/c1-9(16)14-6-5-10-8-15-13-4-3-11(17-2)7-12(10)13/h3-4,7-8,15H,5-6H2,1-2H3,(H,14,16)"
4.461,4.17,"InChI=1S/C13H18N2O2/c16-12-10-7-4-8-11(10)14-13(17)15(12)9-5-2-1-3-6-9/h9H,1-8H2,(H,14,17)"
4.074,3.924,"InChI=1S/C13H21NO3S/c1-2-3-4-5-6-7-10-14-11-8-9-13(12-14)18(15,16)17/h8-9,11-12H,2-7,10H2,1H3"
5.426,4.869,"InChI=1S/C13H24N4O3S/c1-6-8-9-11-10(3)15-13(14-7-2)16-12(11)20-21(18,19)17(4)5/h6-9H2,1-5H3,(H,14,15,16)"
6.433,6.162,"InChI=1S/C13H4Cl2F6N4O4/c14-6-1-4(12(16,17)18)3-22-11(6)23-9-7(24(26)27)2-5(13(19,20)21)8(15)10(9)25(28)29/h1-3H,(H,22,23)"
4.505,4.198,"InChI=1S/C14H15N5O6S/c1-8-15-12(18-14(16-8)25-3)17-13(21)19-26(22,23)10-7-5-4-6-9(10)11(20)24-2/h4-7H,1-3H3,(H2,15,16,17,18,19,21)"
6.131,5.768,"InChI=1S/C14H16ClO5PS/c1-4-17-21(22,18-5-2)20-10-6-7-11-9(3)13(15)14(16)19-12(11)8-10/h6-8H,4-5H2,1-3H3"
5.705,5.409,"InChI=1S/C14H17Cl2N3O/c1-2-3-6-14(20,8-19-10-17-9-18-19)12-5-4-11(15)7-13(12)16/h4-5,7,9-10,20H,2-3,6,8H2,1H3"
5.497,5.228,"InChI=1S/C14H17Cl2NO2/c1-14(7-3-2-4-8-14)13(19)17-9-5-6-10(18)12(16)11(9)15/h5-6,18H,2-4,7-8H2,1H3,(H,17,19)"
4.62,4.321,"InChI=1S/C14H17N5O7S2/c1-4-27(21,22)9-6-5-7-15-12(9)28(23,24)19-14(20)18-13-16-10(25-2)8-11(17-13)26-3/h5-8H,4H2,1-3H3,(H2,16,17,18,19,20)"
4.396,4.259,"InChI=1S/C14H23NO3S/c1-2-3-4-5-6-7-8-11-15-12-9-10-14(13-15)19(16,17)18/h9-10,12-13H,2-8,11H2,1H3"
0.632,0.606,"InChI=1S/C14H26N4O11P2/c1-18(2,3)6-7-26-30(22,23)29-31(24,25)27-8-9-11(19)12(20)13(28-9)17-5-4-10(15)16-14(17)21/h4-5,9,11-13,19-20H,6-8H2,1-3H3,(H3-,15,16,21,22,23,24,25)"
6.212,5.911,"InChI=1S/C14H6Cl2F4N2O2/c15-5-4-8(12(20)10(16)11(5)19)21-14(24)22-13(23)9-6(17)2-1-3-7(9)18/h1-4H,(H2,21,22,23,24)"
5.605,5.317,"InChI=1S/C14H9ClF2N2O2/c15-8-4-6-9(7-5-8)18-14(21)19-13(20)12-10(16)2-1-3-11(12)17/h1-7H,(H2,18,19,20,21)"
5.916,5.622,"InChI=1S/C15H10ClF3N2O3/c16-12-4-2-1-3-11(12)13(22)21-14(23)20-9-5-7-10(8-6-9)24-15(17,18)19/h1-8H,(H2,20,21,22,23)"
4.306,4.206,"InChI=1S/C15H11I4NO4/c16-8-4-7(5-9(17)13(8)21)24-14-10(18)1-6(2-11(14)19)3-12(20)15(22)23/h1-2,4-5,12,21H,3,20H2,(H,22,23)"
5.38,5.059,"InChI=1S/C15H12F3NO4S/c1-24(21,22)12-6-9(15(16,17)18)4-5-10(12)13(20)11-7-19-23-14(11)8-2-3-8/h4-8H,2-3H2,1H3"
3.685,3.546,"InChI=1S/C15H13I2NO4/c16-11-5-8(7-13(18)15(20)21)6-12(17)14(11)22-10-3-1-9(19)2-4-10/h1-6,13,19H,7,18H2,(H,20,21)"
5.708,5.403,"InChI=1S/C15H15ClF3N3O/c1-2-7-23-9-14(22-6-5-20-10-22)21-13-4-3-11(16)8-12(13)15(17,18)19/h3-6,8,10H,2,7,9H2,1H3"
5.349,5.075,"InChI=1S/C15H15ClN2O2/c1-18(2)15(19)17-12-5-9-14(10-6-12)20-13-7-3-11(16)4-8-13/h3-10H,1-2H3,(H,17,19)"
5.819,5.504,"InChI=1S/C15H17Cl2N3O/c1-15(2,3)14(21)13(20-9-18-8-19-20)6-10-4-5-11(16)7-12(10)17/h4-9,14,21H,1-3H3"
4.7,4.571,"InChI=1S/C15H25NO3S/c1-2-3-4-5-6-7-8-9-12-16-13-10-11-15(14-16)20(17,18)19/h10-11,13-14H,2-9,12H2,1H3"
3.858,3.784,"InChI=1S/C15H27NO4/c1-5-6-7-8-9-10-15(19)20-13(11-14(17)18)12-16(2,3)4/h9-10,13H,5-8,11-12H2,1-4H3"
3.99,3.922,"InChI=1S/C15H29NO4/c1-5-6-7-8-9-10-15(19)20-13(11-14(17)18)12-16(2,3)4/h13H,5-12H2,1-4H3"
6.416,6.081,InChI=1S/C15H8Cl2FNO/c16-9-7-12(17)15-13(8-9)19-6-5-14(15)20-11-3-1-10(18)2-4-11/h1-8H
5.009,4.886,"InChI=1S/C16H27NO3S/c1-2-3-4-5-6-7-8-9-10-13-17-14-11-12-16(15-17)21(18,19)20/h11-12,14-15H,2-10,13H2,1H3"
3.631,3.549,"InChI=1S/C16H29N3O6S/c1-2-3-4-5-8-26-10-12(15(23)18-9-14(21)22)19-13(20)7-6-11(17)16(24)25/h11-12H,2-10,17H2,1H3,(H,18,23)(H,19,20)(H,21,22)(H,24,25)"
6.104,5.789,"InChI=1S/C16H8Cl2F6N2O3/c17-7-4-6(5-8(18)12(7)29-16(23,24)14(21)22)25-15(28)26-13(27)11-9(19)2-1-3-10(11)20/h1-5,14H,(H2,25,26,27,28)"
5.393,5.083,"InChI=1S/C17H12Cl2N2O/c18-14-7-5-12(6-8-14)17(22,13-9-20-11-21-10-13)15-3-1-2-4-16(15)19/h1-11,22H"
4.358,4.045,"InChI=1S/C17H18N4O6S/c1-10-7-11(2)19-16(18-10)20-17(23)21-28(24,25)14-6-4-3-5-13(14)15(22)27-12-8-26-9-12/h3-7,12H,8-9H2,1-2H3,(H2,18,19,20,21,23)"
2.991,2.803,"InChI=1S/C17H20N4O6/c1-7-3-9-10(4-8(7)2)21(5-11(23)14(25)12(24)6-22)15-13(18-9)16(26)20-17(27)19-15/h3-4,11-12,14,22-25H,5-6H2,1-2H3,(H,20,26,27)"
4.201,3.98,"InChI=1S/C17H20N6O7S/c1-23(2)15(25)11-6-5-10(18-9-24)7-12(11)31(27,28)22-17(26)21-16-19-13(29-3)8-14(20-16)30-4/h5-9H,1-4H3,(H,18,24)(H2,19,20,21,22,26)"
4.716,4.45,"InChI=1S/C17H21N5O9S2/c1-29-13-8-14(30-2)20-16(19-13)21-17(24)22-33(27,28)12-7-10(9-18-32(4,25)26)5-6-11(12)15(23)31-3/h5-8,18H,9H2,1-4H3,(H2,19,20,21,22,24)"
5.737,5.437,"InChI=1S/C17H22ClN3O/c1-16(2)8-7-14(9-13-3-5-15(18)6-4-13)17(16,22)10-21-12-19-11-20-21/h3-6,11-12,14,22H,7-10H2,1-2H3"
5.307,5.199,"InChI=1S/C17H29NO3S/c1-2-3-4-5-6-7-8-9-10-11-14-18-15-12-13-17(16-18)22(19,20)21/h12-13,15-16H,2-11,14H2,1H3"
5.539,5.197,"InChI=1S/C18H12Cl2N2O/c19-13-9-7-12(8-10-13)14-4-1-2-6-16(14)22-18(23)15-5-3-11-21-17(15)20/h1-11H,(H,22,23)"
5.17,4.804,"InChI=1S/C18H14BrCl2N5O2/c1-9-6-10(20)7-11(17(27)22-2)15(9)24-18(28)13-8-14(19)25-26(13)16-12(21)4-3-5-23-16/h3-8H,1-2H3,(H,22,27)(H,24,28)"
5.875,5.584,"InChI=1S/C18H17F4NO2/c1-2-16(17(24)23-11-12-6-4-3-5-7-12)25-13-8-9-15(19)14(10-13)18(20,21)22/h3-10,16H,2,11H2,1H3,(H,23,24)"
6.016,5.686,"InChI=1S/C18H24ClN3O/c1-13(2)17-8-5-15(9-14-3-6-16(19)7-4-14)18(17,23)10-22-12-20-11-21-22/h3-4,6-7,11-13,15,17,23H,5,8-10H2,1-2H3"
5.572,5.277,"InChI=1S/C18H24N2O4/c1-6-18(3,7-2)14-11-15(24-20-14)19-17(21)16-12(22-4)9-8-10-13(16)23-5/h8-11H,6-7H2,1-5H3,(H,19,21)"
5.605,5.509,"InChI=1S/C18H31NO3S/c1-2-3-4-5-6-7-8-9-10-11-12-15-19-16-13-14-18(17-19)23(20,21)22/h13-14,16-17H,2-12,15H2,1H3"
6.265,5.995,"InChI=1S/C18H34O3/c1-2-3-4-11-14-17(19)15-12-9-7-5-6-8-10-13-16-18(20)21/h9,12,17,19H,2-8,10-11,13-16H2,1H3,(H,20,21)"
6.249,5.927,"InChI=1S/C19H11F5N2O2/c20-12-6-7-16(15(21)10-12)26-17(27)14-5-2-8-25-18(14)28-13-4-1-3-11(9-13)19(22,23)24/h1-10H,(H,26,27)"
6.383,6.09,"InChI=1S/C19H12F4N2O2/c20-13-7-9-14(10-8-13)24-18(26)16-5-2-6-17(25-16)27-15-4-1-3-12(11-15)19(21,22)23/h1-11H,(H,24,26)"
2.699,2.492,"InChI=1S/C19H19N7O6/c20-19-25-15-14(17(30)26-19)23-11(8-22-15)7-21-10-3-1-9(2-4-10)16(29)24-12(18(31)32)5-6-13(27)28/h1-4,8,12,21H,5-7H2,(H,24,29)(H,27,28)(H,31,32)(H3,20,22,25,26,30)"
5.911,5.82,"InChI=1S/C19H33NO3S/c1-2-3-4-5-6-7-8-9-10-11-12-13-16-20-17-14-15-19(18-20)24(21,22)23/h14-15,17-18H,2-13,16H2,1H3"
4.83,4.879,"InChI=1S/C19H35NO4/c1-5-6-7-8-9-10-11-12-13-14-19(23)24-17(15-18(21)22)16-20(2,3)4/h13-14,17H,5-12,15-16H2,1-4H3"
4.945,4.9985,"InChI=1S/C19H37NO4/c1-5-6-7-8-9-10-11-12-13-14-19(23)24-17(15-18(21)22)16-20(2,3)4/h17H,5-16H2,1-4H3"
4.467,4.48,"InChI=1S/C19H37NO5/c1-5-6-7-8-9-10-11-12-16(21)13-19(24)25-17(14-18(22)23)15-20(2,3)4/h16-17,21H,5-15H2,1-4H3"
6.206,6.118,"InChI=1S/C20H35NO3S/c1-2-3-4-5-6-7-8-9-10-11-12-13-14-17-21-18-15-16-20(19-21)25(22,23)24/h15-16,18-19H,2-14,17H2,1H3"
4.17,3.871,"InChI=1S/C21H28O5/c1-19-7-5-13(23)9-12(19)3-4-14-15-6-8-21(26,17(25)11-22)20(15,2)10-16(24)18(14)19/h9,14-15,18,22,26H,3-8,10-11H2,1-2H3"
4.5760000000000005,4.246,"InChI=1S/C21H30O4/c1-20-8-7-13(23)9-12(20)3-4-14-15-5-6-16(18(25)11-22)21(15,2)10-17(24)19(14)20/h9,14-17,19,22,24H,3-8,10-11H2,1-2H3"
4.128,3.881,"InChI=1S/C21H30O5/c1-19-7-5-13(23)9-12(19)3-4-14-15-6-8-21(26,17(25)11-22)20(15,2)10-16(24)18(14)19/h9,14-16,18,22,24,26H,3-8,10-11H2,1-2H3"
6.485,6.397,"InChI=1S/C21H37NO3S/c1-2-3-4-5-6-7-8-9-10-11-12-13-14-15-18-22-19-16-17-21(20-22)26(23,24)25/h16-17,19-20H,2-15,18H2,1H3"
6.748,6.654,"InChI=1S/C22H39NO3S/c1-2-3-4-5-6-7-8-9-10-11-12-13-14-15-16-19-23-20-17-18-22(21-23)27(24,25)26/h17-18,20-21H,2-16,19H2,1H3"
5.424,5.137,"InChI=1S/C23H22ClNO4/c1-4-14-28-20-11-6-17(16-21(20)27-3)12-13-25-23(26)22(29-15-5-2)18-7-9-19(24)10-8-18/h1-2,6-11,16,22H,12-15H2,3H3,(H,25,26)"
5.743,5.429,"InChI=1S/C23H22O6/c1-11(2)16-8-14-15(28-16)6-5-12-22(24)21-13-7-18(25-3)19(26-4)9-17(13)27-10-20(21)29-23(12)14/h5-7,9,16,20-21H,1,8,10H2,2-4H3"
4.784,4.465,"InChI=1S/C23H32O6/c1-13(24)29-12-19(27)23(28)9-7-17-16-5-4-14-10-15(25)6-8-21(14,2)20(16)18(26)11-22(17,23)3/h10,16-18,20,26,28H,4-9,11-12H2,1-3H3"
5.436,5.104,"InChI=1S/C23H38O4/c1-13(10-21(26)27)17-6-7-18-16-5-4-14-11-15(24)8-9-22(14,2)19(16)12-20(25)23(17,18)3/h13-20,24-25H,4-12H2,1-3H3,(H,26,27)"
6.98,6.878,"InChI=1S/C23H41NO3S/c1-2-3-4-5-6-7-8-9-10-11-12-13-14-15-16-17-20-24-21-18-19-23(22-24)28(25,26)27/h18-19,21-22H,2-17,20H2,1H3"
5.337,5.466,"InChI=1S/C23H45NO5/c1-5-6-7-8-9-10-11-12-13-14-15-16-20(25)17-23(28)29-21(18-22(26)27)19-24(2,3)4/h20-21,25H,5-19H2,1-4H3"
4.635,4.319,"InChI=1S/C24H34O5/c1-13(4-7-21(28)29)16-5-6-17-22-18(12-20(27)24(16,17)3)23(2)9-8-15(25)10-14(23)11-19(22)26/h13-14,16-18,22H,4-12H2,1-3H3,(H,28,29)"
6.653,6.251,"InChI=1S/C24H38O3/c1-15(4-9-22(26)27)19-7-8-20-18-6-5-16-14-17(25)10-12-23(16,2)21(18)11-13-24(19,20)3/h15-16,18-21H,4-14H2,1-3H3,(H,26,27)"
5.357,5.023,"InChI=1S/C24H38O4/c1-14(4-7-21(27)28)17-5-6-18-22-19(9-11-24(17,18)3)23(2)10-8-16(25)12-15(23)13-20(22)26/h14-19,22,25H,4-13H2,1-3H3,(H,27,28)"
4.714,4.434,"InChI=1S/C24H38O5/c1-13(4-7-21(28)29)16-5-6-17-22-18(12-20(27)24(16,17)3)23(2)9-8-15(25)10-14(23)11-19(22)26/h13-19,22,25-26H,4-12H2,1-3H3,(H,28,29)"
6.577,6.16,"InChI=1S/C24H40O3/c1-15(4-9-22(26)27)19-7-8-20-18-6-5-16-14-17(25)10-12-23(16,2)21(18)11-13-24(19,20)3/h15-21,25H,4-14H2,1-3H3,(H,26,27)"
5.3995,5.0665,"InChI=1S/C24H40O4/c1-14(4-7-21(27)28)17-5-6-18-22-19(9-11-24(17,18)3)23(2)10-8-16(25)12-15(23)13-20(22)26/h14-20,22,25-26H,4-13H2,1-3H3,(H,27,28)"
5.011,4.707,"InChI=1S/C24H40O4/c1-14(4-7-22(27)28)17-5-6-18-16-13-21(26)20-12-15(25)8-10-24(20,3)19(16)9-11-23(17,18)2/h14-21,25-26H,4-13H2,1-3H3,(H,27,28)"
5.806,5.437,"InChI=1S/C24H40O4/c1-14(4-9-22(27)28)18-7-8-19-17-6-5-15-12-16(25)10-11-23(15,2)20(17)13-21(26)24(18,19)3/h14-21,25-26H,4-13H2,1-3H3,(H,27,28)"
6.329,5.978,"InChI=1S/C24H40O4/c1-14(7-10-21(27)28)16-8-9-17-22-18(13-20(26)24(16,17)3)23(2)11-5-4-6-15(23)12-19(22)25/h14-20,22,25-26H,4-13H2,1-3H3,(H,27,28)"
4.694,4.418,"InChI=1S/C24H40O5/c1-13(4-7-19(26)27)15-5-6-16-20-17(9-11-23(15,16)2)24(3)10-8-14(25)12-18(24)21(28)22(20)29/h13-18,20-22,25,28-29H,4-12H2,1-3H3,(H,26,27)"
5.002,4.674,"InChI=1S/C24H40O5/c1-13(4-7-21(28)29)16-5-6-17-22-18(12-20(27)24(16,17)3)23(2)9-8-15(25)10-14(23)11-19(22)26/h13-20,22,25-27H,4-12H2,1-3H3,(H,28,29)"
7.193,7.075,"InChI=1S/C24H43NO3S/c1-2-3-4-5-6-7-8-9-10-11-12-13-14-15-16-17-18-21-25-22-19-20-24(23-25)29(26,27)28/h19-20,22-23H,2-18,21H2,1H3"
5.464,5.251,"InChI=1S/C25H24F6N4/c1-23(2)15-32-22(33-16-23)35-34-21(13-7-17-3-9-19(10-4-17)24(26,27)28)14-8-18-5-11-20(12-6-18)25(29,30)31/h3-14H,15-16H2,1-2H3,(H2,32,33,35)"
5.803,5.503,"InChI=1S/C26H43NO4/c1-16(4-9-23(29)27-15-24(30)31)20-7-8-21-19-6-5-17-14-18(28)10-12-25(17,2)22(19)11-13-26(20,21)3/h16-22,28H,4-15H2,1-3H3,(H,27,29)(H,30,31)"
5.03,4.775,"InChI=1S/C26H43NO5/c1-15(4-7-22(30)27-14-23(31)32)18-5-6-19-24-20(9-11-26(18,19)3)25(2)10-8-17(28)12-16(25)13-21(24)29/h15-21,24,28-29H,4-14H2,1-3H3,(H,27,30)(H,31,32)"
4.524,4.294,"InChI=1S/C26H43NO5/c1-15(4-7-23(30)27-14-24(31)32)18-5-6-19-17-13-22(29)21-12-16(28)8-10-26(21,3)20(17)9-11-25(18,19)2/h15-22,28-29H,4-14H2,1-3H3,(H,27,30)(H,31,32)"
5.147,4.898,"InChI=1S/C26H43NO5/c1-15(4-9-23(30)27-14-24(31)32)19-7-8-20-18-6-5-16-12-17(28)10-11-25(16,2)21(18)13-22(29)26(19,20)3/h15-22,28-29H,4-14H2,1-3H3,(H,27,30)(H,31,32)"
4.5045,4.2965,"InChI=1S/C26H43NO6/c1-14(4-7-22(31)27-13-23(32)33)17-5-6-18-24-19(12-21(30)26(17,18)3)25(2)9-8-16(28)10-15(25)11-20(24)29/h14-21,24,28-30H,4-13H2,1-3H3,(H,27,31)(H,32,33)"
5.383,4.932,"InChI=1S/C26H45NO5S/c1-17(4-9-24(29)27-14-15-33(30,31)32)21-7-8-22-20-6-5-18-16-19(28)10-12-25(18,2)23(20)11-13-26(21,22)3/h17-23,28H,4-16H2,1-3H3,(H,27,29)(H,30,31,32)"
4.3774999999999995,4.1505,"InChI=1S/C26H45NO6S/c1-16(4-7-23(30)27-12-13-34(31,32)33)19-5-6-20-24-21(9-11-26(19,20)3)25(2)10-8-18(28)14-17(25)15-22(24)29/h16-22,24,28-29H,4-15H2,1-3H3,(H,27,30)(H,31,32,33)"
4.73,4.446,"InChI=1S/C26H45NO6S/c1-16(4-9-24(30)27-12-13-34(31,32)33)20-7-8-21-19-6-5-17-14-18(28)10-11-25(17,2)22(19)15-23(29)26(20,21)3/h16-23,28-29H,4-15H2,1-3H3,(H,27,30)(H,31,32,33)"
3.802,3.657,"InChI=1S/C26H45NO7S/c1-15(4-7-21(29)27-12-13-35(32,33)34)17-5-6-18-22-19(9-11-25(17,18)2)26(3)10-8-16(28)14-20(26)23(30)24(22)31/h15-20,22-24,28,30-31H,4-14H2,1-3H3,(H,27,29)(H,32,33,34)"
4.179,3.971,"InChI=1S/C26H45NO7S/c1-15(4-7-23(31)27-10-11-35(32,33)34)18-5-6-19-24-20(14-22(30)26(18,19)3)25(2)9-8-17(28)12-16(25)13-21(24)29/h15-22,24,28-30H,4-14H2,1-3H3,(H,27,31)(H,32,33,34)"
6.167,5.72,"InChI=1S/C27H42O4/c1-16(6-5-7-17(2)25(30)31)20-8-9-21-24-22(11-13-27(20,21)4)26(3)12-10-19(28)14-18(26)15-23(24)29/h14,16-17,20-24,29H,5-13,15H2,1-4H3,(H,30,31)"
7.285,6.935,"InChI=1S/C37H53NO8/c1-21(2)14-25(6)33-26(7)31(38-42-8)19-36(46-33)18-29-17-28(45-36)13-12-23(4)15-22(3)10-9-11-27-20-43-34-32(39)24(5)16-30(35(40)44-29)37(27,34)41/h9-12,14,16,21-22,26,28-30,32-34,39,41H,13,15,17-20H2,1-8H3"
0.632,0.625,"InChI=1S/C3H7NO5S/c4-2(3(5)6)1-10(7,8)9/h2H,1,4H2,(H,5,6)(H,7,8,9)"
7.153,6.656,"InChI=1S/C48H72O14/c1-11-25(2)43-28(5)17-18-47(62-43)23-34-20-33(61-47)16-15-27(4)42(26(3)13-12-14-32-24-55-45-40(49)29(6)19-35(46(51)58-34)48(32,45)52)59-39-22-37(54-10)44(31(8)57-39)60-38-21-36(53-9)41(50)30(7)56-38/h12-15,17-19,25-26,28,30-31,33-45,49-50,52H,11,16,20-24H2,1-10H3"
7.875,7.223,"InChI=1S/C48H74O14/c1-11-25(2)43-28(5)17-18-47(62-43)23-34-20-33(61-47)16-15-27(4)42(26(3)13-12-14-32-24-55-45-40(49)29(6)19-35(46(51)58-34)48(32,45)52)59-39-22-37(54-10)44(31(8)57-39)60-38-21-36(53-9)41(50)30(7)56-38/h12-15,19,25-26,28,30-31,33-45,49-50,52H,11,16-18,20-24H2,1-10H3"
2.131,1.59,"InChI=1S/C4H10NO3PS/c1-4(6)5-9(7,8-2)10-3/h1-3H3,(H,5,6,7)"
0.747,0.674,"InChI=1S/C4H4N2O2/c7-3-1-2-5-4(8)6-3/h1-2H,(H2,5,6,7,8)"
0.6964999999999999,0.664,"InChI=1S/C4H6N4O3/c5-3(10)6-1-2(9)8-4(11)7-1/h1H,(H3,5,6,10)(H2,7,8,9,11)"
0.73,0.854,"InChI=1S/C4H6O5/c5-2(4(8)9)1-3(6)7/h2,5H,1H2,(H,6,7)(H,8,9)"
0.739,0.688,"InChI=1S/C5H4N2O4/c8-3-1-2(4(9)10)6-5(11)7-3/h1H,(H,9,10)(H2,6,7,8,11)"
2.475,0.87,"InChI=1S/C5H5NO2/c7-4-2-1-3-5(8)6-4/h1-3H,(H2,6,7,8)"
2.475,0.87,"InChI=1S/C5H5NO2/c7-5(8)4-2-1-3-6-4/h1-3,6H,(H,7,8)"
0.7505,0.703,"InChI=1S/C5H6N2O4/c8-3-1-2(4(9)10)6-5(11)7-3/h2H,1H2,(H,9,10)(H2,6,7,8,11)"
0.941,0.841,"InChI=1S/C5H7NO3/c7-4-2-1-3(6-4)5(8)9/h3H,1-2H2,(H,6,7)(H,8,9)"
1.705,1.28,"InChI=1S/C5H8O4/c6-4(7)2-1-3-5(8)9/h1-3H2,(H,6,7)(H,8,9)"
0.921,0.766,"InChI=1S/C5H8O5/c6-3(1-4(7)8)2-5(9)10/h3,6H,1-2H2,(H,7,8)(H,9,10)"
0.911,0.777,"InChI=1S/C5H8O5/c6-3(5(9)10)1-2-4(7)8/h3,6H,1-2H2,(H,7,8)(H,9,10)"
1.088,0.884,"InChI=1S/C5H9NO3/c1-3(5(8)9)6-4(2)7/h3H,1-2H3,(H,6,7)(H,8,9)"
1.088,0.884,"InChI=1S/C5H9NO3/c6-3-4(7)1-2-5(8)9/h1-3,6H2,(H,8,9)"
2.608,2.308,"InChI=1S/C6H10O4/c7-5(8)3-1-2-4-6(9)10/h1-4H2,(H,7,8)(H,9,10)"
1.238,0.916,"InChI=1S/C6H10O5/c1-6(11,2-4(7)8)3-5(9)10/h11H,2-3H2,1H3,(H,7,8)(H,9,10)"
1.047,5.401,"InChI=1S/C6H10O5/c7-4(3-6(10)11)1-2-5(8)9/h4,7H,1-3H2,(H,8,9)(H,10,11)"
1.05,0.867,"InChI=1S/C6H12O4/c1-6(10,2-3-7)4-5(8)9/h7,10H,2-4H2,1H3,(H,8,9)"
0.62,0.637,InChI=1S/C6H12O6/c7-1-2(8)4(10)6(12)5(11)3(1)9/h1-12H
0.62,0.637,"InChI=1S/C6H12O6/c7-1-2-3(8)4(9)5(10)6(11)12-2/h2-11H,1H2"
0.62,0.637,"InChI=1S/C6H12O6/c7-1-3(9)5(11)6(12)4(10)2-8/h3,5-9,11-12H,1-2H2"
0.62,0.637,"InChI=1S/C6H12O6/c7-1-3-4(9)5(10)6(11,2-8)12-3/h3-5,7-11H,1-2H2"
0.62,0.637,"InChI=1S/C6H12O6/c7-2-6(11)5(10)4(9)3(8)1-12-6/h3-5,7-11H,1-2H2"
2.93,2.684,"InChI=1S/C6H6N4S/c1-11-6-4-5(8-2-7-4)9-3-10-6/h2-3H,1H3,(H,7,8,9,10)"
2.489,1.752,"InChI=1S/C6H6O4/c7-5(8)3-1-2-4-6(9)10/h1-4H,(H,7,8)(H,9,10)"
0.689,0.645,"InChI=1S/C6H7NO3S/c1-7-4-2-3-6(5-7)11(8,9)10/h2-5H,1H3"
1.041,0.864,"InChI=1S/C6H8O6/c7-4(8)1-3(6(11)12)2-5(9)10/h3H,1-2H2,(H,7,8)(H,9,10)(H,11,12)"
0.648,0.883,"InChI=1S/C6H8O7/c7-3(8)1-2(5(10)11)4(9)6(12)13/h2,4,9H,1H2,(H,7,8)(H,10,11)(H,12,13)"
0.639,0.883,"InChI=1S/C6H8O7/c7-3(8)1-6(13,5(11)12)2-4(9)10/h13H,1-2H2,(H,7,8)(H,9,10)(H,11,12)"
0.87,0.763,"InChI=1S/C6H9NO5/c1-3(8)7-4(6(11)12)2-5(9)10/h4H,2H2,1H3,(H,7,8)(H,9,10)(H,11,12)"
3.021,2.791,"InChI=1S/C7H12O4/c1-5(4-7(10)11)2-3-6(8)9/h5H,2-4H2,1H3,(H,8,9)(H,10,11)"
3.047,2.795,"InChI=1S/C7H12O4/c1-7(2,3-5(8)9)4-6(10)11/h3-4H2,1-2H3,(H,8,9)(H,10,11)"
3.012,1.101,"InChI=1S/C7H12O4/c8-6(9)4-2-1-3-5-7(10)11/h1-5H2,(H,8,9)(H,10,11)"
2.89,2.684,"InChI=1S/C7H12O5/c1-2-3-4(6(9)10)5(8)7(11)12/h4-5,8H,2-3H2,1H3,(H,9,10)(H,11,12)"
2.896,2.674,"InChI=1S/C7H12O5/c1-4(2)7(12,6(10)11)3-5(8)9/h4,12H,3H2,1-2H3,(H,8,9)(H,10,11)"
0.685,0.664,"InChI=1S/C7H12O6/c8-3-1-7(13,6(11)12)2-4(9)5(3)10/h3-5,8-10,13H,1-2H2,(H,11,12)"
2.798,2.52,"InChI=1S/C7H13NO3/c1-3-5(2)7(11)8-4-6(9)10/h5H,3-4H2,1-2H3,(H,8,11)(H,9,10)"
2.811,2.556,"InChI=1S/C7H13NO3S/c1-5(9)8-6(7(10)11)3-4-12-2/h6H,3-4H2,1-2H3,(H,8,9)(H,10,11)"
2.724,2.407,"InChI=1S/C7H14N4O3/c1-8-7(10-11(12)13)9-4-6-2-3-14-5-6/h6H,2-5H2,1H3,(H2,8,9,10)"
3.028,2.752,InChI=1S/C7H6O/c8-6-7-4-2-1-3-5-7/h1-6H
2.963,0.868,"InChI=1S/C7H6O3/c8-6-3-1-5(2-4-6)7(9)10/h1-4,8H,(H,9,10)"
2.634,2.335,"InChI=1S/C7H8N4O2/c1-10-3-8-5-4(10)6(12)11(2)7(13)9-5/h3H,1-2H3,(H,9,13)"
0.719,0.664,"InChI=1S/C7H9NO3S/c1-2-8-5-3-4-7(6-8)12(9,10)11/h3-6H,2H2,1H3"
4.571,4.16,"InChI=1S/C8H14N4OS/c1-8(2,3)5-6(13)12(9)7(14-4)11-10-5/h9H2,1-4H3"
2.643,2.407,"InChI=1S/C8H14O5/c9-6(5-8(12)13)3-1-2-4-7(10)11/h6,9H,1-5H2,(H,10,11)(H,12,13)"
3.311,3.115,"InChI=1S/C8H15NO3/c1-5(2)4-7(8(11)12)9-6(3)10/h5,7H,4H2,1-3H3,(H,9,10)(H,11,12)"
0.661,0.62,"InChI=1S/C8H16N2O3/c1-6(11)10-7(8(12)13)4-2-3-5-9/h7H,2-5,9H2,1H3,(H,10,11)(H,12,13)"
1.204,0.876,"InChI=1S/C8H7NO3/c1-4-7(10)6-5(2-9-4)3-12-8(6)11/h2,10H,3H2,1H3"
1.321,0.89,"InChI=1S/C8H9NO4/c1-4-7(11)6(8(12)13)5(3-10)2-9-4/h2,10-11H,3H2,1H3,(H,12,13)"
4.871,4.562,"InChI=1S/C9H10Cl2N2O/c1-13(2)9(14)12-6-3-4-7(10)8(11)5-6/h3-5H,1-2H3,(H,12,14)"
3.69,3.397,"InChI=1S/C9H10ClN5O2/c10-8-2-1-7(5-12-8)6-14-4-3-11-9(14)13-15(16)17/h1-2,5H,3-4,6H2,(H,11,13)"
2.417,1.836,"InChI=1S/C9H10N2O5/c10-6(9(13)14)3-5-1-2-8(12)7(4-5)11(15)16/h1-2,4,6,12H,3,10H2,(H,13,14)"
0.944,4.943,"InChI=1S/C9H12N2O6/c12-3-4-6(14)7(15)8(17-4)11-2-1-5(13)10-9(11)16/h1-2,4,6-8,12,14-15H,3H2,(H,10,13,16)"
0.661,0.629,"InChI=1S/C9H12N3O7P/c10-5-1-2-12(9(14)11-5)8-7-6(4(3-13)17-8)18-20(15,16)19-7/h1-2,4,6-8,13H,3H2,(H,15,16)(H2,10,11,14)"
0.681,0.64,"InChI=1S/C9H13N3O5/c10-5-1-2-12(9(16)11-5)8-7(15)6(14)4(3-13)17-8/h1-2,4,6-8,13-15H,3H2,(H2,10,11,16)"
1.757,1.33,"InChI=1S/C9H13NO3S/c1-2-3-6-10-7-4-5-9(8-10)14(11,12)13/h4-5,7-8H,2-3,6H2,1H3"
0.681,0.649,"InChI=1S/C9H14N3O7P/c10-7-1-2-12(9(14)11-7)8-3-5(13)6(19-8)4-18-20(15,16)17/h1-2,5-6,8,13H,3-4H2,(H2,10,11,14)(H2,15,16,17)"
0.645,0.68,"InChI=1S/C9H14N3O8P/c10-5-1-2-12(9(15)11-5)8-7(14)6(13)4(20-8)3-19-21(16,17)18/h1-2,4,6-8,13-14H,3H2,(H2,10,11,15)(H2,16,17,18)"
0.566,0.561,"InChI=1S/C9H14N4O3/c10-2-1-8(14)13-7(9(15)16)3-6-4-11-5-12-6/h4-5,7H,1-3,10H2,(H,11,12)(H,13,14)(H,15,16)"
0.694,0.658,"InChI=1S/C9H15N4O8P/c10-7-4(8(11)16)12-2-13(7)9-6(15)5(14)3(21-9)1-20-22(17,18)19/h2-3,5-6,9,14-15H,1,10H2,(H2,11,16)(H2,17,18,19)"
4.686,4.363,"InChI=1S/C9H15N5O7S2/c1-14(22(4,16)17)23(18,19)13-9(15)12-8-10-6(20-2)5-7(11-8)21-3/h5H,1-4H3,(H2,10,11,12,13,15)"
3.706,3.474,"InChI=1S/C9H16O4/c10-8(11)6-4-2-1-3-5-7-9(12)13/h1-7H2,(H,10,11)(H,12,13)"
3.809,3.514,"InChI=1S/C9H7NO/c11-6-7-5-10-9-4-2-1-3-8(7)9/h1-6,10H"
3.694,3.443,"InChI=1S/C9H7NO2/c11-9(12)7-5-10-8-4-2-1-3-6(7)8/h1-5,10H,(H,11,12)"
4.233,3.961,"InChI=1S/C9H8N4OS/c14-9(12-8-6-10-13-15-8)11-7-4-2-1-3-5-7/h1-6H,(H2,11,12,14)"
3.061,2.868,"InChI=1S/C9H9I2NO3/c10-5-1-4(2-6(11)8(5)13)3-7(12)9(14)15/h1-2,7,13H,3,12H2,(H,14,15)"
3.1,2.828,"InChI=1S/C9H9NO3/c11-8(12)6-10-9(13)7-4-2-1-3-5-7/h1-5H,6H2,(H,10,13)(H,11,12)"
